#NAME> hitboxdata ex. 1,2,3,4;4,3,2,1
#DUMMY
#x,y,width,height,
####JOHN ADD TYPES!
#JOHN AD EMPTY STUFFFF
upperCutRH>0,0,0,0;0,0,0,0;0,0,0,0;0,0,0,0;100,0,100,100;100,0,100,100;100,0,100,100;100,0,100,100;0,0,0,0;0,0,0,0;
upperCutLH>0,0,0,0;0,0,0,0;0,0,0,0;0,0,0,0;0,0,100,100;0,0,100,100;0,0,100,100;0,0,100,100;0,0,0,0;0,0,0,0;
KickRH>0,0,0,0;0,0,0,0;0,0,0,0;0,0,0,0;0,0,0,0;0,0,0,0;100,0,100,100;100,0,100,100;100,0,100,100;100,0,100,100;100,0,100,100;0,0,0,0;0,0,0,0;0,0,0,0;0,0,0,0;0,0,0,0
KickLH>0,0,0,0;0,0,0,0;0,0,0,0;0,0,0,0;0,0,0,0;0,0,0,0;0,0,100,100;0,0,100,100;0,0,100,100;0,0,100,100;0,0,100,100;0,0,0,0;0,0,0,0;0,0,0,0;0,0,0,0;0,0,0,0
jabRH>0,0,0,0;0,0,0,0;0,0,0,0;100,0,100,100;100,0,100,100;100,0,100,100;0,0,0,0;0,0,0,0
jabLH>0,0,0,0;0,0,0,0;0,0,0,0;0,0,100,100;0,0,100,100;0,0,100,100;0,0,0,0;0,0,0,0
crossRH>0,0,0,0;0,0,0,0;100,100,100,0;100,0,100,100;100,0,100,100;100,0,100,100;0,0,0,0;0,0,0,0
crossLH>0,0,0,0;0,0,0,0;0,100,100,0;0,0,100,100;0,0,100,100;0,0,100,100;0,0,0,0;0,0,0,0
heavyPunchRH>0,0,0,0;0,0,0,0;0,0,0,0;0,0,0,0;0,0,0,0;0,0,0,0;0,0,0,0;0,0,0,0;0,0,0,0;100,0,100,100;100,0,100,100;100,0,100,100;100,0,100,100;0,0,0,0;0,0,0,0;0,0,0,0
heavyPunchLH>0,0,0,0;0,0,0,0;0,0,0,0;0,0,0,0;0,0,0,0;0,0,0,0;0,0,0,0;0,0,0,0;0,0,0,0;0,0,100,100;0,0,100,100;0,0,100,100;0,0,100,100;0,0,0,0;0,0,0,0;0,0,0,0
